0.0 3.1 0.0 0.5 nan nan
21.8 0.0 0.0 0.0 nan nan
21.8 1.2 0.0 4.3 nan nan
93.1 47.6 67.4 47.3 nan nan
276.8 195.5 290.9 178.9 nan nan
373.0 335.2 377.9 387.9 nan nan
174.3 173.9 215.9 263.4 nan nan
185.2 309.8 332.0 234.6 nan nan
442.9 433.7 369.7 381.2 nan nan
357.0 412.5 401.6 386.3 nan nan
131.3 152.9 125.1 165.7 nan nan
21.7 58.0 32.6 20.1 nan nan
2.8 7.7 0.0 2.3 nan 0.0
7.5 24.9 42.8 42.8 nan 96.0
7.5 3.4 16.6 7.9 nan 26.0
86.6 98.9 79.6 62.2 nan 29.0
325.9 159.0 209.7 223.3 nan 310.0
204.3 176.1 390.7 308.7 nan 316.0
186.5 172.8 195.8 203.3 nan 260.0
209.6 199.1 278.9 178.7 nan 218.0
231.3 552.4 409.9 334.8 nan 362.0
194.1 299.7 356.8 263.3 nan 202.0
140.4 175.7 253.1 207.3 nan 252.0
0.8 12.5 3.1 6.8 nan 2.0
0.0 2.3 0.0 0.0 nan 0.0
16.6 3.8 3.9 13.0 nan 0.0
16.6 0.0 1.7 4.7 nan 50.0
41.8 51.7 99.7 66.7 nan 115.0
111.3 92.7 128.4 144.0 nan 103.0
372.2 456.0 459.2 417.8 nan 383.0
309.1 371.8 556.4 371.6 nan 312.0
156.5 310.3 315.9 229.1 nan 261.0
298.3 327.3 470.9 287.9 nan 310.0
342.9 357.1 413.5 348.2 nan 286.0
45.8 87.6 96.7 74.7 nan 50.0
24.1 65.0 44.0 17.7 nan 13.0
1.9 1.8 0.0 3.9 nan 0.0
19.7 9.8 16.1 3.7 nan 4.0
19.7 8.5 0.0 1.3 nan 0.0
2.7 0.0 0.0 1.4 nan 29.0
277.4 196.8 249.5 218.1 nan 226.0
283.1 296.9 231.9 249.5 nan 336.0
115.8 103.1 157.2 91.7 nan 118.0
161.1 214.5 212.2 223.3 nan 251.0
329.5 349.5 457.5 305.1 nan 665.0
179.5 414.0 249.8 192.5 nan 340.0
169.2 229.0 184.0 150.5 nan 185.0
41.5 26.7 12.8 11.5 nan 3.0
1.4 29.9 0.0 14.8 nan 34.0
0.0 24.4 6.1 11.2 nan 6.0
0.0 9.5 8.7 0.0 nan 0.0
57.4 14.7 6.2 37.4 nan 33.0
274.2 421.9 280.3 345.3 nan 282.0
215.9 276.5 275.2 295.2 nan 242.0
259.5 278.8 275.5 285.2 nan 322.0
283.1 334.1 268.3 246.1 nan 233.0
295.9 193.2 160.6 195.1 nan 90.0
333.4 274.6 383.5 319.7 nan 315.0
50.2 78.3 58.5 67.2 nan 32.0
46.4 45.0 35.6 59.3 nan 14.0
0.3 0.9 0.0 0.0 nan 0.0
3.1 0.0 0.0 19.3 nan nan
3.1 0.0 0.0 3.1 nan 0.0
102.5 44.1 53.1 80.8 nan 65.0
34.7 68.5 63.8 65.6 nan 85.0
296.2 459.8 298.5 401.9 nan 280.0
119.4 144.6 212.7 169.5 nan 234.0
146.1 254.0 189.5 149.2 nan 153.0
428.3 385.0 340.3 408.2 nan 320.0
310.9 298.3 302.7 284.1 nan 222.0
67.5 71.0 103.2 106.6 nan 34.0
29.8 45.9 39.5 17.9 nan 0.0
0.0 1.9 15.0 0.5 nan 0.0
0.7 49.6 0.0 30.3 nan 66.0
0.7 7.9 2.1 0.5 nan 15.0
27.2 29.1 11.1 14.3 nan 146.0
369.9 384.6 498.6 400.8 nan 411.0
255.3 277.0 316.6 263.9 nan 265.0
110.2 314.2 237.8 211.7 nan 205.0
302.7 325.4 388.0 251.9 nan 214.0
306.2 371.3 498.7 287.4 nan 301.0
462.9 319.2 474.1 371.3 nan 361.0
305.4 211.4 221.4 194.2 nan 329.0
6.2 9.2 4.1 7.0 nan 21.0
33.3 55.2 28.4 11.2 nan 0.0
0.0 0.0 0.0 0.0 nan 0.0
0.0 38.5 35.7 6.4 nan 0.0
86.9 50.5 136.0 190.8 nan 137.0
209.3 120.3 298.3 249.3 nan 193.0
221.8 443.1 480.7 322.7 nan 380.0
41.7 123.4 172.4 119.8 nan 151.0
387.3 393.0 470.9 395.8 nan 292.0
331.5 399.3 509.2 328.4 nan 342.0
409.9 221.4 522.3 395.4 nan 404.0
455.0 364.8 380.1 318.6 nan 483.0
44.7 79.2 40.3 45.3 nan 18.0
9.6 23.6 8.2 55.3 nan 0.0
79.3 1.6 19.0 37.2 nan 0.0
79.3 69.8 67.0 134.2 nan 0.0
217.0 204.4 255.3 178.0 nan 207.0
171.9 203.8 429.0 299.3 nan 352.0
217.7 232.7 340.8 218.6 nan 310.0
241.9 349.2 341.8 238.5 nan 298.0
337.2 343.7 371.8 205.1 nan 271.0
401.0 417.8 478.6 433.0 nan 412.0
202.2 226.3 569.2 302.3 nan 389.0
108.4 99.7 105.3 59.7 nan 52.0
58.5 112.0 67.8 67.0 nan 17.0
3.9 16.5 22.5 8.7 nan 24.0
4.7 38.5 38.0 81.9 nan 19.0
4.7 3.7 1.0 10.2 nan 65.0
40.5 52.4 41.2 38.2 nan 58.0
388.8 243.4 447.1 474.5 nan 504.0
202.1 238.9 240.7 261.4 nan 243.0
169.4 161.5 160.0 175.8 nan 227.0
378.8 390.2 354.5 487.4 nan 500.0
564.3 370.8 474.2 470.4 nan 496.0
432.8 348.5 384.3 377.6 nan 362.0
144.6 77.2 79.2 70.1 nan 84.0
1.2 6.1 3.6 12.1 nan 4.0
36.8 90.5 58.3 nan nan 37.0
43.8 0.2 0.0 0.0 nan 0.0
43.8 4.7 16.7 27.1 nan 19.0
186.9 21.1 53.4 111.7 nan 156.0
332.4 256.5 332.6 336.0 nan 460.0
170.0 199.2 151.7 144.0 nan 232.0
107.6 110.4 95.8 120.0 nan 195.0
270.3 188.0 373.2 371.0 nan 353.0
276.5 191.1 321.5 200.1 nan 220.0
199.6 277.7 344.5 264.2 nan 296.0
163.0 79.0 165.2 164.5 nan 212.0
65.3 89.8 78.6 82.3 nan 74.0
2.3 0.6 0.0 0.6 nan 0.0
0.4 0.9 0.0 0.2 nan 0.0
0.4 19.6 0.0 0.1 nan 5.0
79.1 32.9 58.3 67.7 nan 137.0
210.9 295.0 242.0 294.5 nan 309.0
537.7 477.4 470.4 600.4 nan 491.0
312.0 219.1 297.4 258.6 nan 373.0
436.5 320.6 400.3 475.3 nan 466.0
305.1 301.6 445.5 323.2 nan 374.0
309.1 399.9 337.3 287.4 nan 254.0
97.7 112.0 110.0 69.6 nan 52.0
78.0 29.5 2.5 24.6 nan 22.0
1.1 1.8 3.1 19.0 nan 9.0
30.5 0.9 0.0 0.5 nan 7.0
30.5 0.3 15.1 55.6 nan 20.0
53.0 47.8 42.1 31.9 nan 54.0
304.4 356.1 288.3 309.7 nan 334.0
336.8 450.3 232.6 271.1 nan 367.0
147.9 237.9 204.5 172.8 nan 160.0
358.1 304.6 258.1 333.0 nan 342.0
337.3 398.4 563.6 442.8 nan 409.0
354.4 348.8 336.4 283.2 nan 334.0
70.6 29.2 25.0 40.5 nan 69.0
23.1 61.1 27.5 36.4 nan 18.0
1.7 1.1 0.0 0.1 nan 5.0
0.7 1.0 0.0 0.3 nan 8.0
0.7 0.0 4.2 1.7 nan 30.0
2.4 30.6 0.0 4.5 nan 47.0
259.5 224.5 nan 267.1 nan 187.0
223.3 167.8 327.1 333.2 nan 278.0
186.5 338.7 204.7 226.4 nan 275.0
363.1 430.8 553.5 338.5 549.9 380.0
502.1 459.8 375.5 350.0 394.7 408.0
359.7 226.6 329.3 358.7 269.9 277.0
204.1 211.4 183.4 141.1 233.2 144.0
24.7 46.0 35.0 34.8 16.3 9.0
2.4 7.7 0.0 0.0 4.4 0.0
0.0 0.4 0.0 0.3 0.0 0.0
0.0 0.0 0.0 1.2 0.6 0.0
140.5 44.9 28.6 234.2 82.1 76.0
274.4 206.4 268.3 290.4 257.6 337.0
309.5 317.8 235.0 234.7 276.0 344.0
80.5 157.5 130.6 93.2 93.9 114.0
174.2 206.8 230.3 194.4 135.1 326.0
139.4 305.3 190.7 182.3 142.2 217.0
290.5 275.6 305.3 254.6 202.6 274.0
143.3 133.0 139.3 166.1 162.0 113.0
10.9 3.8 4.5 2.2 7.3 4.0
0.0 2.1 0.0 0.0 0.0 0.0
1.9 0.0 0.0 0.0 0.0 1.0
1.9 1.2 0.2 1.0 0.0 10.0
96.0 9.3 46.6 55.9 39.4 114.0
320.5 194.8 140.9 261.0 169.4 262.0
246.7 237.4 174.4 203.6 206.3 171.0
54.7 55.2 29.1 28.5 27.9 18.0
311.2 328.3 205.9 319.1 215.2 404.0
402.7 318.1 357.2 369.9 356.8 233.0
284.0 384.7 323.9 250.9 126.7 281.0
278.9 150.1 256.4 182.2 152.4 238.0
1.6 2.5 1.8 2.0 1.0 2.0
0.0 5.6 0.0 0.0 0.0 0.0
22.9 5.3 0.0 0.2 14.7 0.0
22.9 2.6 0.4 25.6 66.1 41.0
75.0 28.9 13.9 95.2 53.1 79.0
258.2 280.3 283.1 246.1 160.8 308.0
264.3 217.0 152.7 247.5 186.2 338.0
302.6 207.7 305.4 298.1 285.0 327.0
171.0 148.1 275.8 175.9 103.5 300.0
469.7 389.2 396.4 436.9 310.4 438.0
363.8 224.8 365.3 449.5 265.5 324.0
110.9 126.2 99.1 73.5 127.8 62.0
20.9 34.7 23.1 21.6 35.2 26.0
0.1 2.4 0.0 1.3 0.4 0.0
5.4 8.2 0.0 0.8 0.7 0.0
0.0 0.0 0.0 0.0 0.0 0.0
306.5 268.0 178.4 181.9 185.1 352.0
291.9 171.3 289.9 225.0 130.6 351.0
292.7 289.9 383.7 411.4 273.1 328.0
179.4 259.3 210.2 104.5 139.5 144.0
389.6 340.2 325.6 394.7 213.6 371.0
383.2 300.6 nan 387.8 299.9 465.0
385.0 294.8 349.7 304.8 317.2 238.0
125.3 112.3 152.1 194.8 85.3 101.0
20.9 52.1 51.7 35.2 24.0 18.0
4.5 18.0 32.5 16.3 17.3 33.0
14.4 24.7 0.0 9.1 0.4 26.0
5.4 1.6 38.4 0.4 23.6 1.0
74.7 7.6 31.6 75.0 35.2 36.0
241.1 309.5 243.3 174.5 382.7 284.0
296.7 241.7 230.0 302.9 273.1 172.0
199.0 198.0 220.1 332.2 130.5 244.0
297.0 364.0 242.2 208.5 252.1 330.0
313.0 477.4 349.0 250.8 411.3 435.0
218.4 219.3 377.8 270.0 174.1 311.0
207.2 217.5 242.9 199.1 195.6 194.0
44.5 93.5 34.1 30.6 41.4 16.0
0.0 0.0 0.0 0.0 14.4 16.0
0.0 0.0 7.1 0.3 0.0 0.0
14.4 61.6 0.0 4.6 41.2 72.0
145.1 44.9 70.5 97.6 60.5 81.0
310.8 267.5 368.5 315.9 363.8 387.0
389.0 312.2 316.9 341.7 290.9 390.0
265.9 365.3 247.0 243.4 232.8 185.0
425.6 427.6 370.6 381.5 366.2 415.0
314.9 279.8 191.4 232.7 274.8 193.0
343.9 349.1 433.5 425.8 482.0 334.0
83.5 174.9 88.6 45.4 95.8 27.0
59.0 28.9 27.8 29.2 10.1 22.0
5.4 2.3 0.0 27.5 12.8 78.0
39.2 13.3 0.0 0.0 9.5 0.0
0.0 4.7 0.0 0.7 0.2 6.0
91.9 37.3 3.4 46.4 56.2 37.0
477.2 275.3 473.7 454.9 303.9 601.0
288.6 303.6 201.6 214.2 193.5 355.0
156.7 158.3 199.9 144.7 232.1 129.0
95.0 43.4 46.9 63.1 31.0 103.0
417.8 281.0 260.1 335.8 352.4 345.0
304.4 445.6 313.4 227.9 270.6 245.0
82.8 58.7 102.1 61.0 71.2 54.0
18.0 2.8 1.5 17.0 27.8 28.0
0.0 0.0 0.0 0.0 31.5 0.0
16.4 16.9 7.0 35.9 7.1 0.0
39.2 27.8 49.2 68.6 25.4 9.0
36.8 47.1 0.0 10.8 25.7 5.0
219.5 166.0 129.8 142.9 154.4 126.0
224.1 178.3 307.4 254.1 238.9 291.0
128.6 131.7 109.4 114.6 189.8 299.0
192.7 141.5 398.3 195.8 212.5 235.0
375.6 359.1 443.8 530.1 341.5 356.0
449.2 372.9 448.5 536.5 414.0 337.0
234.8 128.9 298.6 310.9 249.5 240.0
74.4 48.0 37.3 109.7 20.0 51.0
4.5 10.6 0.0 1.1 15.5 3.0
0.0 23.3 13.2 28.8 7.1 83.0
16.4 1.6 0.0 2.4 38.4 1.0
124.1 4.4 75.8 132.0 145.0 104.0
331.1 249.7 194.4 309.6 327.3 327.0
212.8 188.1 248.9 226.7 185.0 263.0
247.4 315.9 312.1 284.3 204.8 311.0
345.4 419.4 295.3 307.5 227.8 212.0
408.3 420.9 369.2 415.4 338.7 441.0
295.3 229.5 279.7 349.5 225.3 333.0
89.0 78.3 89.3 107.2 108.4 210.0
2.3 11.5 0.0 0.7 4.2 0.0
0.0 0.0 0.0 0.0 0.0 0.0
10.6 0.0 0.0 0.0 0.0 0.0
0.0 0.0 0.0 0.0 2.3 0.0
70.1 19.6 5.2 57.7 77.8 12.0
200.6 118.8 110.5 141.4 134.5 133.0
378.1 319.5 252.8 302.0 290.2 245.0
198.6 84.6 294.1 207.9 250.5 179.0
256.9 217.1 291.9 264.8 238.0 242.0
337.2 188.8 322.8 326.1 233.1 318.0
395.8 444.5 388.1 421.4 315.5 283.0
89.1 102.6 72.1 143.7 51.3 107.0
12.0 12.4 26.8 35.4 4.3 15.0
0.0 0.9 0.0 0.0 0.1 2.0
40.0 0.0 1.2 7.0 37.0 5.0
10.6 10.6 27.5 8.1 2.5 22.0
4.4 2.7 16.1 2.3 6.7 68.0
317.4 238.3 296.0 329.6 233.6 317.0
205.3 184.4 209.8 178.9 216.7 198.0
121.0 86.7 48.8 78.9 35.5 90.0
165.0 152.1 235.0 160.5 131.4 181.0
199.1 225.9 245.2 227.9 159.1 186.0
359.5 266.5 251.5 367.5 281.0 335.0
76.0 62.8 110.7 105.3 44.8 75.0
5.2 16.5 14.3 8.3 14.1 3.0
0.0 0.1 0.0 0.0 nan 0.0
0.0 0.0 0.0 0.0 nan 12.0
33.0 23.2 7.0 9.6 nan 17.0
38.0 45.0 20.2 64.7 nan 109.0
324.0 145.3 183.8 213.9 nan 327.0
390.0 241.3 186.3 268.5 nan 212.0
279.0 256.1 261.6 291.3 nan 384.0
295.0 287.1 241.8 210.9 nan 242.0
253.0 238.0 414.5 254.1 nan 216.0
288.0 196.3 256.2 192.7 nan 242.0
53.0 32.2 56.0 67.5 nan 64.0
10.0 5.8 0.0 1.6 nan 1.0
1.0 14.4 0.0 0.2 nan 0.0
0.0 0.0 0.0 0.0 nan 0.0
14.0 0.0 8.6 5.7 nan 43.0
47.0 16.5 10.2 126.5 nan 19.0
277.0 249.7 201.2 323.5 nan 208.0
nan 334.9 392.4 243.8 nan 392.0
112.0 199.5 157.7 148.1 nan 186.0
498.0 619.7 383.8 311.0 nan 323.0
430.0 299.2 442.8 568.2 nan 491.0
458.0 453.4 461.6 449.3 nan 323.0
81.0 88.9 96.0 104.7 nan 134.0
31.0 14.3 17.8 11.6 nan 8.0
5.0 0.4 29.2 13.7 nan 0.0
nan 0.6 0.0 0.0 nan 0.0
29.0 6.8 3.2 24.2 nan 19.0
46.0 5.2 5.5 6.7 nan 34.0
185.0 126.1 138.3 177.2 nan 259.0
282.0 280.7 245.6 235.6 nan 208.0
183.0 211.5 294.2 215.3 nan 153.0
381.0 269.5 311.0 391.3 nan 439.0
355.0 406.7 405.1 313.0 nan 362.0
393.0 315.3 329.8 295.4 nan 243.0
106.0 139.3 125.3 124.1 nan 93.0
97.0 60.1 54.5 nan nan 16.0
0.0 11.4 10.8 1.1 nan 5.0
37.0 0.2 0.0 23.7 nan 9.0
10.0 6.3 0.0 14.6 nan 48.0
58.0 9.4 51.4 115.8 nan 69.0
168.0 116.0 188.4 145.7 nan 207.0
322.0 144.4 283.2 252.1 nan 317.0
269.0 221.0 277.7 260.9 nan 467.0
203.0 214.5 126.6 151.6 nan 149.0
287.0 286.6 218.8 293.9 nan 274.0
394.0 322.6 389.1 421.4 nan 368.0
137.0 197.2 159.4 207.4 nan 216.0
56.0 68.9 90.4 77.3 nan 44.0
11.0 0.7 2.6 5.6 nan nan
0.0 1.3 0.0 0.0 nan nan
9.0 7.1 9.6 11.2 nan nan
91.0 14.4 42.9 50.2 nan nan
215.0 244.3 261.5 254.3 nan nan
nan 163.8 269.7 207.3 nan nan
81.0 76.0 132.7 104.3 nan nan
253.0 237.0 190.2 257.8 nan nan
276.0 228.8 253.2 336.1 nan nan
334.0 337.9 279.3 293.0 nan nan
111.0 63.6 0.0 148.0 nan nan
66.0 7.5 24.7 26.2 nan nan
0.0 0.0 0.0 0.0 nan nan
76.0 35.8 7.2 34.9 nan nan
0.0 0.0 0.0 0.0 nan nan
32.0 38.6 2.3 81.0 nan nan
173.0 104.8 165.9 196.7 nan nan
381.0 409.3 281.1 389.3 nan nan
172.0 183.2 173.2 204.9 nan nan
119.0 221.3 260.1 241.6 nan nan
310.0 459.3 336.5 244.6 nan nan
371.0 258.7 270.7 447.1 nan nan
240.0 146.5 240.4 194.0 nan nan
6.0 31.1 10.7 9.7 nan nan
28.0 65.9 37.1 58.1 nan nan
0.0 1.5 0.0 0.2 nan nan
131.0 20.1 18.4 51.6 nan nan
105.0 31.7 35.2 70.5 nan nan
411.0 371.6 139.6 286.7 nan nan
0.0 271.5 150.8 279.2 nan nan
88.0 188.7 118.0 126.1 nan nan
218.0 272.9 327.7 260.0 nan nan
415.0 359.2 334.5 425.9 nan nan
291.0 197.2 136.9 222.5 nan nan
68.0 58.2 30.5 62.5 nan nan
nan 67.2 23.5 52.1 nan nan
0.0 12.5 2.5 0.3 nan nan
0.0 nan 0.0 0.0 nan nan
0.0 15.6 0.9 13.2 nan nan
57.0 65.9 61.7 35.9 nan nan
246.0 208.7 142.2 155.3 nan nan
116.0 169.2 137.6 120.8 nan nan
112.0 100.8 70.8 116.9 nan nan
277.0 241.1 354.3 247.8 nan nan
240.0 192.3 133.5 252.2 nan nan
268.0 399.7 401.9 217.0 nan nan
0.0 279.0 256.7 191.0 nan nan
12.0 21.2 21.4 11.6 nan nan
0.0 nan nan 0.0 nan nan
0.0 4.7 nan 0.0 nan nan
77.0 42.6 nan 43.7 nan nan
nan 84.5 nan 145.7 nan nan
nan nan nan 332.8 nan nan
218.0 nan nan 203.8 nan nan
250.0 270.8 nan 143.6 nan nan
493.0 390.7 nan 493.5 nan nan
305.0 344.7 nan 312.3 nan nan
nan 330.0 nan nan nan nan
nan 45.3 nan nan nan nan
42.0 9.9 nan nan nan nan
