NaN NaN NaN NaN NaN NaN NaN NaN NaN
10.75 10.75 10.25 10.75 10.25 9.75 9.75 9.25 9.25
83.4 79.2 256.9 345.7 212.1 311.9 303.2 371.3 330.8
108.6 193.5 179.7 382.4 326.9 268.2 354.1 169.3 153.2
33.5 28.8 132.3 165.3 220.5 229.7 224.9 301.2 244.8
45.8 87.4 101.0 107.9 114.8 206.2 103.3 93.3 69.1
138.1 140.1 307.9 452.4 503.7 447.5 469.5 409.0 406.9
470.7 511.2 608.5 708.8 684.8 544.5 392.5 396.7 386.7
336.7 383.4 435.3 691.4 490.7 516.6 383.4 476.8 564.5
541.5 505.3 595.4 469.9 356.9 695.8 171.2 282.3 234.2
434.3 371.1 549.1 226.8 131.6 421.5 154.6 138.1 128.6
451.3 323.5 635.5 398.2 348.5 582.3 217.9 219.2 148.3
443.2 585.6 542.9 818.8 720.1 482.7 644.0 756.5 840.7
438.0 671.4 555.6 1089.5 1004.3 453.0 601.9 401.5 332.7
171.7 231.3 330.4 423.6 333.5 317.1 239.7 153.4 139.3
187.0 303.1 233.6 164.2 56.4 428.6 573.7 522.6 531.6
98.4 154.4 185.9 218.6 263.6 248.6 203.4 230.3 167.7
19.8 37.0 100.5 7.4 257.8 259.5 199.4 159.1 176.0
140.2 95.2 331.5 356.7 277.9 433.1 266.6 173.0 113.3
387.8 327.9 501.2 422.5 487.2 536.7 361.6 322.2 358.7
404.1 429.2 507.5 387.8 467.4 573.4 339.8 307.7 369.4
341.8 316.3 427.4 557.0 256.5 530.7 281.0 258.6 296.6
413.2 276.4 533.2 154.0 429.2 652.6 284.2 177.6 162.3
294.7 257.6 559.7 475.1 427.0 586.9 361.3 260.8 208.6
270.7 273.0 373.3 639.8 315.0 390.8 229.6 244.6 189.4
155.0 195.7 302.5 368.5 221.0 318.8 114.6 142.1 94.9
120.8 115.6 270.2 285.2 299.2 391.7 330.9 358.5 320.2
77.7 77.6 138.0 185.5 177.8 261.3 109.3 115.3 88.9
24.2 21.8 138.8 104.3 53.3 206.3 69.8 85.5 25.0
31.2 58.7 87.2 271.6 118.1 241.9 122.2 131.3 139.4
228.0 163.5 408.0 348.9 431.8 501.3 183.5 128.8 115.4
436.8 310.6 487.6 375.0 356.8 547.1 264.8 171.2 144.1
418.7 437.7 447.7 577.0 504.9 594.5 279.7 206.1 239.4
340.0 252.6 426.3 522.4 312.4 468.4 159.1 107.8 112.0
394.9 236.7 471.6 202.0 219.7 550.9 199.3 101.0 130.5
467.6 438.2 667.2 378.3 524.5 686.2 570.7 427.4 372.9
206.3 236.3 382.8 732.8 378.5 388.1 237.5 155.8 126.0
288.2 469.1 429.1 615.5 591.8 377.3 347.6 177.9 215.6
240.3 402.6 413.2 628.4 549.4 360.6 367.1 226.6 238.0
49.2 37.1 109.0 483.7 136.4 239.2 129.8 177.6 284.1
29.3 29.5 128.6 169.8 52.3 197.4 69.3 109.1 86.7
102.8 104.2 132.1 89.4 262.9 268.2 139.7 135.5 63.2
366.1 295.9 578.0 447.1 437.9 540.5 324.1 210.9 169.1
373.3 432.3 542.3 672.3 394.2 591.4 232.1 191.2 188.8
336.0 228.7 355.4 382.1 258.6 454.8 246.9 184.4 256.1
400.9 448.9 421.0 457.1 510.0 521.6 481.5 363.3 422.6
250.7 235.0 400.1 172.9 215.9 486.2 136.4 116.9 86.4
259.7 131.4 425.7 312.3 455.7 490.0 220.5 277.8 184.8
247.9 281.9 355.5 501.8 404.6 403.3 316.7 323.2 398.6
382.7 516.5 472.7 604.3 452.4 414.0 317.2 215.5 210.5
126.8 194.2 303.7 605.6 301.2 353.0 206.7 200.9 190.1
64.3 50.5 123.1 279.2 119.4 220.0 62.3 60.6 20.2
64.1 100.0 171.4 154.1 135.1 233.7 129.7 158.3 166.6
114.7 250.7 205.9 600.5 472.7 336.8 277.6 205.0 225.7
317.6 234.9 472.0 81.0 367.0 504.0 284.0 139.2 195.4
569.5 425.3 589.2 473.4 527.0 707.9 240.0 213.8 218.9
446.1 440.5 496.3 785.5 242.6 504.1 166.7 131.7 229.4
435.9 365.8 520.4 384.1 241.6 552.9 200.6 199.5 270.6
480.8 295.4 548.7 176.5 237.0 513.7 239.9 215.6 228.0
555.4 265.9 571.2 697.5 373.4 582.1 261.3 325.7 211.6
312.4 442.2 416.3 974.7 637.5 479.2 412.8 287.4 245.9
277.3 454.1 405.3 691.2 624.3 512.3 516.3 472.7 522.1
113.6 120.3 279.0 288.0 199.4 309.6 151.6 159.1 109.4
60.6 24.2 112.5 276.5 149.8 257.8 144.9 91.5 129.2
36.1 80.0 142.8 219.2 199.4 191.1 120.8 181.6 181.8
43.3 13.7 70.6 21.4 127.0 217.9 112.4 152.6 126.1
103.9 146.9 264.9 147.0 312.4 423.5 282.1 233.2 273.3
446.3 307.2 475.7 418.9 259.1 530.8 195.7 241.8 181.0
593.5 461.5 639.6 289.7 511.3 740.8 275.7 188.9 247.9
458.2 333.8 427.3 168.9 312.4 607.6 131.9 67.9 57.9
454.1 225.3 474.1 84.3 320.0 558.6 190.8 126.2 135.9
749.4 358.9 912.6 328.8 581.6 709.1 313.5 440.5 319.6
257.1 250.7 331.1 692.6 414.0 501.1 331.8 293.9 211.3
254.1 352.3 386.2 611.8 499.6 421.8 252.1 326.4 271.0
140.6 178.1 317.5 390.5 502.9 442.2 230.3 298.7 302.7
56.3 127.4 110.6 286.6 148.8 247.3 82.6 126.2 121.9
44.6 34.9 156.4 254.0 291.1 228.7 167.7 160.2 143.4
74.3 108.8 106.2 258.3 285.8 246.0 191.6 121.9 132.5
370.1 499.2 566.4 579.0 610.8 664.3 444.8 310.2 278.5
416.7 448.7 517.1 606.1 347.7 577.5 255.9 244.3 294.3
471.8 638.6 589.6 924.9 829.1 713.3 421.7 326.0 430.4
359.2 324.5 421.8 642.0 356.9 565.3 132.6 141.3 150.0
390.2 333.4 527.5 377.9 382.5 556.2 293.6 156.7 201.7
357.1 303.5 621.3 466.1 436.6 569.0 200.3 265.3 230.6
261.6 146.8 364.8 599.4 436.6 448.2 272.5 265.3 190.8
361.7 604.5 430.5 1048.8 646.7 545.2 582.9 437.5 517.7
71.1 73.0 226.2 596.7 160.8 333.4 198.7 213.5 217.1
56.5 39.3 95.3 241.2 180.3 218.2 100.8 82.8 83.9
67.1 47.0 174.8 20.6 71.6 215.0 61.9 81.0 49.6
49.6 31.1 107.9 61.9 130.3 212.7 51.7 123.6 85.4
312.3 447.8 445.0 528.0 683.0 558.5 376.8 203.8 147.3
219.7 204.6 384.4 313.2 486.9 498.8 186.1 189.6 215.5
426.3 630.0 458.4 1192.3 769.9 582.5 508.6 322.1 256.1
342.2 391.5 358.4 1326.9 502.4 595.9 402.8 378.7 595.2
398.4 318.2 423.1 456.4 367.5 617.1 246.5 162.6 163.7
289.9 263.8 478.2 502.7 641.9 640.3 262.3 214.0 160.4
146.9 226.5 259.8 731.3 465.6 459.2 377.4 423.4 444.4
196.4 394.0 328.0 705.9 513.6 448.1 424.8 381.4 456.8
138.3 194.6 325.3 412.5 403.9 353.6 311.3 280.3 284.8
202.5 369.2 265.9 499.7 648.5 332.0 407.0 356.6 466.2
57.1 106.5 183.6 198.4 201.9 229.3 140.6 184.5 194.8
25.4 39.5 76.8 103.6 126.5 220.6 70.1 86.7 86.9
208.2 256.6 310.7 498.1 506.5 579.7 360.1 244.1 227.8
396.4 412.2 513.9 475.9 378.5 572.5 218.5 218.2 252.7
385.6 354.2 450.9 528.0 342.4 512.3 172.2 157.2 179.0
365.9 281.6 427.6 404.7 308.4 505.4 242.7 291.8 377.6
311.1 243.9 456.2 276.0 408.4 392.0 113.8 186.6 161.5
265.2 219.3 459.8 267.9 240.0 436.1 135.0 194.3 182.3
147.2 128.9 326.4 430.2 231.1 373.3 117.3 214.8 163.8
163.9 226.8 283.0 509.1 199.6 334.1 110.5 173.6 127.9
42.7 36.8 229.0 245.4 70.4 276.5 59.0 106.0 64.9
27.3 28.0 101.7 171.3 84.6 238.3 65.3 78.3 56.9
34.9 50.4 144.2 102.8 125.2 197.8 90.2 193.7 142.4
38.6 106.6 108.9 253.4 337.8 275.4 294.0 287.5 328.4
50.6 106.3 254.5 300.4 304.8 502.6 215.1 231.2 243.0
510.6 376.4 493.4 437.5 292.1 620.9 378.4 346.1 365.0
306.1 383.6 368.4 606.9 271.8 566.7 377.2 209.4 173.9
326.0 335.8 416.0 384.9 232.4 565.6 290.7 228.1 202.9
142.1 203.6 299.3 287.3 233.7 441.8 146.7 120.8 143.1
338.4 223.3 480.4 351.4 276.9 606.0 162.4 206.1 140.1
255.0 300.4 365.2 629.5 240.0 465.1 324.8 222.4 225.4
162.8 192.2 275.6 495.8 154.9 394.8 216.9 159.8 158.6
161.6 246.8 419.2 570.3 288.3 376.3 263.2 212.2 198.2
127.8 233.9 211.8 415.9 205.7 104.9 146.2 127.3 151.6
86.6 153.0 247.6 337.6 274.7 249.1 151.6 191.0 165.4
73.5 58.7 93.3 164.4 166.1 155.8 129.7 133.6 87.8
246.1 248.3 362.4 319.2 336.8 395.8 182.9 152.5 124.0
436.8 411.2 389.7 184.7 317.3 239.9 294.1 273.7 250.4
420.2 392.6 488.5 645.3 384.6 510.3 238.8 191.7 166.4
465.0 417.7 514.7 485.1 560.8 65.0 455.6 240.6 221.9
282.7 214.1 300.5 283.3 243.3 475.8 147.8 123.1 164.3
424.3 262.9 655.1 239.5 439.9 444.9 199.9 213.6 163.8
238.1 225.5 325.3 545.7 281.9 167.6 212.3 237.8 191.6
281.9 343.1 498.1 691.3 558.0 148.9 459.5 291.4 281.3
99.9 125.2 244.0 303.5 155.4 243.2 145.5 126.6 105.9
32.3 28.6 185.9 105.1 109.0 105.3 100.3 52.2 31.9
35.8 30.7 134.0 48.9 171.4 107.4 159.1 243.2 207.3
30.5 43.1 124.8 212.7 92.7 95.9 121.4 162.8 174.3
104.2 137.1 267.7 288.8 401.1 436.1 227.3 237.6 249.6
294.9 384.2 427.5 607.5 564.6 519.3 428.4 330.8 344.4
447.7 565.6 654.8 607.7 403.4 506.6 346.9 203.7 269.0
364.3 340.2 395.9 824.7 222.5 514.0 192.0 191.2 245.3
400.9 305.4 599.2 319.7 263.1 532.6 236.5 197.4 130.4
326.3 324.1 543.7 432.7 309.6 498.1 266.5 191.9 221.3
270.0 162.9 383.0 391.0 382.3 532.7 391.4 324.5 217.5
184.7 229.5 413.2 674.9 406.4 194.4 307.0 253.8 198.9
144.1 255.3 381.2 417.6 310.4 204.2 225.8 179.5 177.9
43.8 36.3 100.0 80.7 102.4 140.6 75.0 122.1 75.1
37.9 42.5 123.6 90.2 96.5 69.1 68.5 126.0 85.1
51.4 130.1 151.3 167.6 163.3 248.4 154.4 237.3 240.0
170.1 249.6 379.0 369.4 386.1 389.8 235.8 234.3 195.9
500.3 438.4 540.5 286.4 405.9 335.5 260.1 234.2 245.4
384.8 387.9 409.9 486.8 463.0 587.7 395.8 231.0 208.2
379.2 344.2 433.0 145.2 374.9 544.4 255.3 103.0 125.9
337.2 286.1 516.9 360.1 175.5 631.0 176.4 144.0 121.1
388.6 322.6 698.7 454.0 497.3 588.1 211.2 185.4 170.8
260.0 310.5 562.4 1021.2 962.9 771.3 767.1 483.4 506.6
322.1 413.7 542.8 1166.2 553.2 569.0 519.1 409.7 335.0
208.2 122.3 241.5 371.0 203.7 326.5 189.5 183.7 166.1
40.8 64.0 115.8 235.1 215.1 202.9 86.4 120.6 104.3
61.1 153.2 149.9 197.2 274.4 333.2 373.3 274.2 237.6
142.6 397.5 328.3 585.4 519.4 354.2 534.6 391.7 396.5
146.5 203.0 271.5 452.4 247.9 363.9 272.8 127.2 149.7
414.5 384.2 514.1 584.6 223.1 498.4 213.3 163.7 178.8
366.2 357.5 391.8 676.1 400.6 699.8 191.1 121.5 122.0
320.4 272.4 351.6 456.6 254.8 712.9 105.5 86.6 122.4
335.0 373.2 472.5 311.8 552.7 590.0 257.0 131.2 140.9
368.3 332.3 491.2 334.2 560.6 495.7 271.1 286.8 329.7
385.3 425.5 465.9 718.0 625.4 526.5 381.8 286.9 144.3
266.8 541.4 631.9 669.8 765.1 506.5 376.5 307.6 355.8
62.8 105.0 248.3 129.4 207.9 316.6 198.1 152.6 134.8
34.6 16.0 75.0 174.5 26.3 104.9 0.0 14.3 10.6
37.9 77.6 139.8 111.1 350.2 152.8 141.6 212.7 213.3
58.0 104.1 130.5 136.7 178.9 256.4 137.9 120.2 135.8
126.2 189.7 289.1 449.8 537.5 453.7 342.5 201.0 285.9
413.7 318.0 591.5 235.8 294.1 706.3 204.1 251.5 246.7
524.7 489.4 646.9 308.1 587.3 919.8 357.9 127.0 147.6
471.0 441.2 503.9 496.2 348.6 744.1 202.7 184.8 200.4
372.3 242.6 519.6 295.6 290.2 748.2 302.6 132.8 219.3
397.8 357.8 577.3 459.0 415.8 605.6 323.6 204.0 228.7
161.8 197.1 336.9 440.3 259.3 500.3 186.2 128.6 132.9
101.0 105.2 164.4 266.4 503.3 223.2 90.4 122.7 118.5
125.6 380.6 501.1 926.0 97.9 756.1 371.5 314.6 367.6
72.0 176.1 189.7 310.1 217.3 380.0 92.7 138.9 213.4
61.2 198.0 273.5 85.2 307.1 345.3 186.2 175.2 179.2
14.6 7.5 39.8 40.9 64.4 205.8 52.6 81.1 53.9
140.2 270.6 418.7 363.9 471.8 638.6 397.7 173.2 249.3
271.9 404.3 503.6 476.7 445.3 583.2 163.9 144.3 159.6
409.8 626.6 286.0 804.0 744.6 791.2 413.1 398.5 509.4
338.4 417.8 491.7 540.7 418.0 830.3 201.0 167.1 145.1
384.9 298.0 513.8 331.4 657.0 468.3 176.9 102.8 140.9
294.8 260.4 506.1 419.5 724.3 648.3 259.6 275.7 324.1
316.6 299.7 477.9 674.2 568.2 506.0 320.5 293.8 339.4
248.8 410.5 315.2 958.5 519.8 400.5 301.3 265.2 285.7
233.5 383.0 563.6 504.0 515.1 613.6 395.0 186.2 229.5
195.7 239.9 327.4 365.1 346.9 458.0 323.3 152.0 183.6
116.5 185.4 144.2 395.1 240.6 309.9 125.8 111.9 107.4
90.2 184.5 202.5 317.7 400.0 302.0 443.5 156.9 189.8
361.7 444.4 541.3 314.4 553.3 512.2 393.7 227.9 290.4
432.8 307.8 433.3 400.5 288.1 504.5 221.8 176.5 133.6
384.2 359.2 418.6 432.5 327.0 609.1 192.4 127.6 132.9
471.8 377.0 458.4 236.4 415.0 793.6 228.8 182.4 168.7
391.5 308.2 382.0 361.4 544.7 578.7 174.2 142.5 139.6
406.4 376.6 543.0 601.3 339.2 618.3 234.6 214.3 185.5
170.0 264.8 427.9 598.4 661.8 594.9 375.4 351.8 286.5
433.4 520.6 624.3 572.3 899.3 897.0 572.2 457.0 356.0
230.3 194.8 204.0 482.0 301.7 379.9 249.1 158.9 202.0
151.2 57.3 80.9 245.6 106.4 220.0 88.2 83.7 62.0
50.4 64.8 98.4 100.2 77.2 305.6 151.0 239.8 190.3
183.7 258.6 244.7 265.5 498.8 567.0 518.8 659.3 571.2
180.3 269.1 271.9 414.4 487.4 529.8 265.1 243.9 300.3
443.8 440.2 488.2 352.4 450.3 837.6 347.7 229.3 225.1
387.3 461.6 496.6 420.5 450.5 588.9 355.5 334.6 334.0
656.3 574.9 596.7 307.0 773.0 686.2 385.4 337.7 346.7
429.2 407.0 450.3 265.6 252.5 649.2 195.7 136.1 145.9
394.5 347.7 538.4 291.7 427.6 547.5 238.2 230.0 196.1
373.2 431.1 482.5 580.8 549.0 625.0 344.5 320.0 331.3
195.3 259.0 221.9 374.4 289.1 304.7 217.1 263.7 268.7
280.9 325.0 389.1 465.9 376.5 364.7 247.9 193.5 169.2
75.0 99.0 245.5 185.7 339.1 496.3 283.4 194.9 153.8
171.8 186.4 288.6 337.0 343.3 438.2 374.4 274.9 269.4
102.2 173.4 112.2 150.3 237.9 253.6 273.2 320.8 350.0
381.5 341.9 549.5 426.5 543.4 546.6 337.1 242.4 273.2
407.2 309.8 480.2 221.3 257.0 636.1 262.7 226.0 190.3
390.4 425.7 568.2 661.5 489.1 662.3 500.5 390.1 393.9
385.0 304.8 437.5 458.1 462.8 658.8 188.9 162.2 217.8
380.2 286.0 460.6 647.8 319.2 579.8 354.3 215.1 195.5
291.3 374.5 545.7 363.8 387.0 574.4 332.7 265.2 235.1
324.1 333.1 565.2 494.4 318.3 430.2 216.4 166.6 153.3
168.3 348.6 343.9 535.5 528.3 463.2 301.8 278.0 260.1
155.0 152.0 246.8 293.1 303.0 282.1 83.8 85.6 39.9
53.1 47.2 67.3 145.5 125.0 137.5 95.1 152.0 169.0
22.4 92.5 135.7 201.9 160.8 292.9 112.0 132.5 110.5
45.3 96.1 133.7 246.9 65.5 293.3 65.2 100.6 73.9
134.0 180.7 310.2 286.7 228.7 311.3 193.9 85.7 117.9
371.7 335.5 539.2 382.9 321.7 498.8 324.9 209.8 183.6
294.8 279.0 447.7 489.9 368.2 351.9 213.2 167.6 246.5
381.1 548.3 647.1 219.0 430.7 651.4 270.8 123.8 158.6
377.7 450.8 496.6 441.5 493.4 631.6 441.6 250.3 282.7
319.4 261.2 481.8 283.6 434.6 567.2 323.3 188.7 168.7
382.4 515.4 830.7 791.1 1056.6 728.7 726.0 398.8 404.5
316.7 482.1 630.4 719.3 572.8 541.3 309.0 232.9 224.5
133.8 204.0 377.0 307.7 401.0 520.7 509.7 345.9 458.4
247.6 422.8 629.7 624.9 754.5 771.2 457.4 199.1 273.0
126.0 127.6 219.3 141.9 267.9 257.6 174.6 180.7 143.2
143.3 268.7 347.6 466.6 702.0 969.9 846.2 346.7 362.0
209.8 254.5 444.2 505.9 335.7 622.3 291.8 254.7 431.3
427.6 309.3 388.7 664.7 603.2 711.9 240.3 260.7 282.1
423.7 378.2 376.2 1347.7 404.3 630.4 274.9 109.4 87.7
429.8 347.5 557.7 516.4 361.9 558.4 234.8 145.3 167.8
430.6 380.5 520.1 504.9 436.5 547.9 213.2 144.7 155.9
291.9 217.6 532.1 339.4 418.3 634.0 207.8 256.4 212.7
229.7 344.4 551.1 677.3 755.5 781.9 668.0 412.1 498.9
534.7 861.6 1016.2 1483.7 1439.4 1417.1 1083.4 792.3 1154.9
255.0 297.7 335.0 480.3 421.1 537.7 257.5 255.0 252.3
59.3 64.8 115.3 189.7 112.5 255.3 88.1 97.4 99.9
84.4 78.5 157.7 155.8 231.4 360.1 260.4 266.1 195.6
151.0 226.5 262.1 210.9 377.9 446.6 223.0 144.0 141.8
181.0 175.6 367.2 243.0 360.3 534.8 218.4 191.1 193.8
383.6 254.7 320.4 484.2 543.0 756.4 363.5 267.4 312.9
397.3 419.0 367.0 709.4 658.3 563.2 592.8 398.4 511.2
360.9 331.2 480.4 345.9 259.3 640.0 190.4 170.7 154.9
485.9 347.3 596.5 409.1 401.1 466.3 188.1 182.4 174.8
371.5 393.8 577.4 260.3 400.9 630.0 339.6 256.5 240.9
161.3 80.7 209.6 321.3 230.6 313.0 211.1 190.0 124.6
85.5 81.4 169.6 296.2 115.8 226.9 228.0 191.9 215.9
352.1 355.8 493.9 644.0 581.7 412.7 486.6 293.2 290.9
70.9 95.0 216.1 212.3 338.5 391.2 251.5 146.1 164.7
55.3 29.0 152.8 187.9 132.9 220.5 101.0 140.1 69.7
66.8 76.7 186.9 222.4 366.3 436.8 321.8 270.0 314.3
304.9 203.8 536.6 291.1 498.8 489.6 292.1 172.7 259.2
288.1 254.0 343.2 415.3 320.2 393.4 283.3 258.8 248.6
505.2 418.8 413.3 788.2 530.4 499.7 425.0 282.6 416.3
457.4 355.9 485.0 208.0 409.1 689.4 505.9 320.6 410.7
608.8 422.5 505.9 519.8 526.0 654.4 382.9 176.1 264.7
279.2 220.4 548.8 352.9 384.1 598.6 351.1 200.3 247.7
261.4 254.7 289.8 360.6 277.2 522.8 295.8 287.1 275.7
251.2 166.9 347.4 507.0 477.8 519.5 542.7 383.6 444.9
92.1 88.5 277.5 158.7 298.3 433.0 254.0 177.4 180.8
110.1 85.2 124.2 163.8 145.6 328.5 237.9 105.0 137.7
2.0 0.0 79.1 13.8 36.5 142.9 32.4 135.5 90.0
21.4 26.3 98.7 79.9 147.7 182.3 124.2 179.9 157.8
302.2 281.4 383.4 331.9 537.4 556.1 513.8 231.7 297.1
516.1 322.9 544.3 523.6 397.7 736.0 236.4 284.5 243.2
500.6 354.3 388.5 667.0 326.1 593.5 329.2 292.9 301.5
382.0 371.6 600.9 201.4 306.6 753.4 196.2 312.2 315.8
376.4 333.1 386.2 131.5 193.1 350.6 236.4 191.0 180.5
339.0 291.5 549.7 225.9 635.8 663.9 296.0 282.5 241.4
355.1 418.1 540.4 792.5 650.6 560.8 695.5 368.3 390.6
108.2 187.1 485.2 414.7 646.9 763.7 670.6 402.1 362.0
209.5 193.4 261.6 299.7 294.3 480.9 346.2 265.2 293.1
111.2 137.1 181.7 141.2 156.7 312.9 190.0 123.0 145.5
55.2 37.7 153.0 168.5 181.0 291.1 92.3 220.3 170.1
82.5 95.1 142.0 215.4 344.5 358.0 288.9 212.4 232.2
346.8 123.1 365.4 180.7 354.8 525.0 288.1 222.0 249.7
544.9 375.9 522.1 419.1 423.9 679.1 237.9 246.9 236.9
323.5 383.3 507.2 416.5 598.5 674.3 484.3 246.4 291.3
522.3 445.3 603.3 393.1 631.7 734.2 490.7 312.4 333.6
341.6 259.7 521.6 69.0 298.1 460.5 146.8 224.7 183.5
551.2 374.7 574.7 524.8 435.8 584.2 235.6 302.7 323.2
201.7 192.5 349.7 553.0 482.1 494.3 450.5 265.9 245.2
175.7 253.7 404.8 592.2 396.7 589.6 375.9 212.9 226.0
97.8 72.8 191.2 365.1 194.7 364.6 306.7 205.5 226.5
75.2 9.7 73.8 150.1 125.9 217.2 47.5 110.4 107.5
28.3 25.4 106.7 144.5 133.7 215.6 123.7 140.8 94.9
56.4 72.9 82.5 202.8 102.3 207.8 116.2 129.4 122.7
91.7 89.5 247.1 207.2 232.4 504.0 187.6 188.3 223.3
438.6 470.1 506.3 634.5 388.8 776.3 342.4 328.5 374.9
348.6 254.6 446.7 564.8 321.8 680.3 356.7 266.7 299.1
380.8 392.4 608.6 584.7 533.2 876.8 365.3 290.2 332.0
418.0 377.6 617.6 363.0 390.0 738.4 246.0 226.3 185.5
288.7 334.8 617.2 478.0 460.7 690.5 310.3 306.3 254.0
506.0 470.1 767.7 769.2 853.9 574.4 505.5 381.4 331.0
262.6 221.4 521.3 741.1 640.6 859.0 499.4 392.8 439.3
177.2 257.4 344.3 484.1 309.9 491.1 267.0 168.5 198.7
133.5 283.4 205.9 308.8 121.5 256.6 117.4 81.5 96.5
58.7 103.5 133.3 135.4 65.5 234.9 32.6 119.4 69.4
93.5 197.6 159.6 185.5 188.5 260.1 132.2 159.7 163.8
332.9 227.3 401.1 385.5 537.7 590.3 337.2 165.7 237.8
332.5 506.6 512.9 440.1 516.0 657.6 246.5 186.4 174.9
641.9 739.0 721.8 994.8 957.4 769.1 686.1 111.8 148.1
316.1 444.6 439.0 593.7 505.8 668.0 209.5 81.5 137.4
430.6 328.5 494.3 500.5 472.3 722.5 365.6 179.5 256.9
267.9 270.0 455.7 337.1 315.6 497.0 146.0 156.1 163.2
340.7 216.2 564.9 500.6 499.6 738.8 375.0 237.3 251.9
195.3 211.8 287.3 423.7 297.7 301.3 321.5 244.5 274.9
95.4 110.5 283.2 332.0 239.4 288.0 153.1 153.5 158.3
78.3 80.5 98.8 181.8 88.8 189.0 68.9 86.6 87.2
35.1 68.9 181.0 175.6 305.4 278.4 190.5 203.9 172.7
70.1 114.8 74.1 252.4 147.3 235.4 120.2 143.8 133.1
98.3 151.3 242.8 227.1 156.7 430.5 201.4 75.1 115.9
523.2 495.6 438.3 786.4 680.2 619.3 399.2 238.7 257.6
512.6 710.8 516.5 961.2 580.3 557.3 569.6 340.4 407.4
452.5 441.2 519.9 545.3 577.2 690.1 315.0 174.9 211.7
302.6 302.2 343.3 381.5 425.4 571.6 291.3 164.2 190.2
324.9 294.0 491.1 443.4 436.1 600.3 261.5 132.0 152.8
196.4 249.0 408.4 575.2 454.9 425.9 201.7 211.7 173.6
151.3 81.2 220.5 384.9 134.3 276.9 86.0 181.5 197.1
41.1 104.9 196.8 335.1 170.7 208.0 81.0 103.1 111.1
72.8 178.9 212.8 267.7 420.9 426.0 425.8 199.3 238.3
67.3 133.4 173.7 194.0 363.3 300.1 106.9 188.1 150.2
41.9 52.8 79.4 136.8 105.4 200.5 90.2 180.6 182.9
233.6 314.7 409.1 358.5 462.4 538.6 237.0 159.5 170.9
392.8 325.4 412.7 417.2 553.0 595.0 231.6 167.7 198.0
385.5 376.2 435.8 680.0 592.0 687.7 275.5 249.8 256.1
501.8 311.6 423.7 476.0 390.0 628.2 191.3 106.2 150.0
336.6 311.2 466.8 311.4 463.3 782.0 271.0 221.4 207.6
392.4 172.6 474.5 406.4 362.2 551.5 274.6 225.9 296.2
326.2 288.7 325.1 512.1 467.8 456.1 312.0 250.5 233.7
328.3 332.6 327.8 411.8 573.0 317.5 275.9 292.4 309.1
32.5 23.6 179.8 149.9 96.3 153.6 91.8 80.9 61.1
70.8 21.0 82.1 314.2 141.7 208.1 86.9 96.4 105.5
50.9 68.4 112.4 88.8 72.7 179.6 64.6 186.1 202.9
318.0 300.6 375.5 346.9 622.2 597.2 474.8 472.7 508.5
234.4 144.2 371.8 274.5 340.0 473.6 253.1 241.2 263.2
469.4 418.3 449.9 544.6 411.3 697.7 276.1 216.3 160.3
344.0 315.5 471.6 405.5 289.3 595.5 191.0 160.8 226.6
594.5 556.5 551.5 486.9 617.3 755.3 455.5 307.6 340.5
303.5 198.3 487.4 232.1 337.2 511.0 307.4 127.5 116.8
340.8 194.4 507.2 373.7 341.2 485.8 265.0 227.8 224.8
284.9 332.2 495.1 690.0 570.9 351.7 269.9 244.9 230.2
333.1 425.0 397.4 757.9 343.1 397.3 257.0 279.8 332.4
75.4 81.7 279.8 255.2 243.6 321.5 200.6 216.7 241.0
77.6 144.5 239.0 253.1 247.8 409.9 176.9 144.9 156.4
54.6 18.3 107.4 88.3 58.7 155.8 46.7 100.1 61.2
48.2 61.0 151.0 203.0 257.7 214.8 174.9 181.4 185.8
277.2 159.6 395.7 356.2 274.3 508.2 159.0 166.3 180.4
464.7 424.0 637.6 575.8 606.6 646.0 393.3 332.1 377.8
430.2 458.0 522.8 642.9 458.9 778.6 217.8 259.1 294.8
295.5 232.3 432.0 384.5 342.1 596.2 190.1 125.2 138.1
459.1 350.7 541.6 418.7 456.8 783.8 217.1 155.7 208.5
409.9 206.4 494.5 304.0 270.0 632.1 232.1 132.1 134.8
461.7 330.6 473.4 636.5 510.0 442.0 351.0 337.2 333.1
223.1 478.8 704.2 734.6 748.2 798.4 753.3 427.1 472.6
156.9 117.3 425.7 665.6 420.5 413.8 248.7 220.7 261.1
106.4 68.2 255.3 284.5 383.8 346.9 270.2 189.6 248.6
87.0 111.7 215.3 151.6 218.1 332.0 155.6 208.5 166.7
235.7 401.5 247.5 481.4 357.0 479.9 308.8 326.0 330.4
373.3 313.3 429.2 438.2 328.0 736.2 264.3 271.9 271.6
454.9 189.0 551.3 406.7 434.9 658.0 344.6 336.4 325.0
367.1 289.3 398.6 495.8 513.2 574.9 242.7 185.1 209.7
525.8 318.0 488.9 385.1 554.0 656.2 270.6 254.1 250.1
221.2 215.6 410.5 273.2 396.8 713.6 198.0 49.2 91.3
217.5 267.2 630.9 358.7 442.0 617.2 206.6 156.6 163.1
177.5 534.5 963.4 1111.4 1023.8 875.4 605.1 266.5 234.7
250.2 296.5 458.3 512.0 551.3 550.1 308.9 260.7 276.2
176.3 180.6 232.2 211.6 78.9 432.3 115.5 165.9 147.1
84.4 65.7 116.9 181.2 70.5 255.7 91.4 114.1 136.5
50.1 49.8 112.3 85.3 104.1 221.7 117.7 156.3 119.1
23.4 54.1 90.5 77.3 139.1 221.9 110.8 148.9 125.4
177.6 116.8 390.2 160.8 383.2 490.9 268.2 170.1 162.0
260.5 285.0 579.1 424.4 434.8 709.1 318.9 240.7 235.0
501.4 670.1 726.3 830.7 875.3 787.8 565.8 358.6 478.1
330.6 445.2 412.7 697.7 574.7 514.9 320.0 112.3 199.6
267.8 198.3 424.3 413.8 330.3 615.6 187.0 156.4 188.7
538.1 486.4 987.9 975.3 798.0 714.8 354.5 315.3 398.8
200.6 274.7 274.4 713.8 380.6 425.4 221.2 172.9 209.7
286.7 348.5 235.3 634.3 294.4 369.8 212.9 262.8 296.8
173.8 182.6 379.4 419.4 307.6 335.8 162.7 105.2 83.5
38.1 64.8 133.9 184.8 305.4 203.8 86.6 60.0 48.4
61.1 45.4 264.3 150.9 356.6 254.3 316.1 311.6 318.5
4.2 12.8 46.2 97.8 94.9 137.3 83.2 244.8 309.4
186.6 240.4 461.4 534.8 662.2 592.9 380.3 150.8 190.3
285.5 240.6 496.6 265.7 196.4 799.2 189.4 166.0 178.5
383.6 435.3 584.8 1231.0 384.1 648.0 256.0 207.2 237.6
351.2 296.6 522.9 527.8 462.2 664.6 277.1 120.2 186.1
274.9 317.5 600.2 757.3 373.1 923.6 202.7 92.2 109.8
429.3 421.6 620.9 669.0 694.1 745.3 375.8 164.5 159.0
346.1 186.6 309.9 336.6 276.9 626.3 197.8 225.7 178.8
168.7 156.9 198.0 330.2 194.0 386.8 228.5 244.2 225.1
119.2 133.7 535.6 387.0 399.1 624.7 369.1 244.4 265.9
165.3 112.6 266.6 336.9 330.0 431.7 231.7 166.9 174.0
28.6 50.2 96.4 108.5 91.0 185.9 94.4 136.4 69.9
40.1 13.5 91.3 235.8 91.0 148.6 28.1 79.7 20.2
178.4 225.7 469.1 454.9 426.4 574.9 348.6 258.7 335.7
343.6 262.8 452.6 263.6 456.4 804.0 240.2 204.7 211.0
379.9 288.3 552.9 481.4 277.1 558.8 252.0 131.4 132.6
560.4 683.6 669.2 297.2 593.8 658.2 379.4 236.0 320.1
386.2 341.3 671.7 290.1 302.9 627.5 227.4 136.2 146.7
510.8 409.7 548.2 513.6 345.9 640.4 246.5 208.7 165.8
251.7 98.9 417.6 522.6 371.7 465.9 269.9 298.3 291.5
296.0 344.1 395.2 740.1 352.5 499.6 407.3 369.2 418.3
165.9 152.6 204.3 409.1 92.3 246.0 89.5 82.9 74.3
139.8 160.4 242.3 370.3 310.7 368.1 217.0 159.6 201.4
88.4 109.8 100.4 135.2 80.2 229.2 67.5 113.9 71.8
30.0 33.2 80.9 121.6 113.0 186.7 101.0 139.6 115.8
89.9 234.5 280.5 302.8 162.9 488.8 145.1 142.2 136.6
415.5 416.2 627.3 624.2 628.7 905.2 345.5 304.3 308.4
377.7 363.3 446.0 628.3 282.8 617.9 201.5 153.4 195.6
330.4 340.2 377.0 415.9 539.1 687.2 362.1 159.6 176.7
334.7 323.5 466.6 414.3 289.7 614.8 221.1 148.9 178.7
275.7 206.7 465.9 338.4 359.0 614.3 266.1 184.5 161.3
171.5 213.5 473.0 513.4 344.9 503.1 261.2 308.9 308.9
165.7 215.3 199.7 571.7 228.0 273.1 190.9 212.0 205.4
162.7 234.7 422.1 329.5 367.1 625.7 298.3 235.2 267.8
31.1 52.3 58.2 92.4 51.6 167.6 51.7 87.0 76.6
73.5 93.5 402.5 229.6 312.1 491.7 322.2 237.7 197.8
55.1 147.4 124.4 385.0 227.1 275.5 162.3 201.1 233.4
164.6 117.6 300.2 340.4 202.1 330.8 205.8 131.2 163.3
470.6 466.7 616.5 514.6 479.3 617.3 274.7 231.8 257.8
430.0 584.7 479.3 822.4 436.1 723.4 312.7 176.4 251.5
446.1 344.3 442.8 726.1 527.3 605.3 308.6 131.3 199.9
476.2 411.5 447.1 490.6 551.6 640.8 290.2 228.5 350.2
385.8 378.7 590.3 400.8 372.8 628.6 296.7 302.4 286.7
267.5 343.7 287.9 490.8 238.6 456.2 231.2 239.6 255.4
222.0 185.1 152.3 481.9 164.0 266.8 133.1 167.7 185.0
110.2 146.1 402.5 304.7 287.0 430.2 304.5 224.1 207.4
40.6 60.5 96.3 190.2 195.6 243.2 118.9 56.5 62.1
8.8 28.0 114.6 145.4 22.5 117.2 49.7 75.8 36.1
63.2 129.8 226.3 321.5 394.6 481.2 507.9 400.8 385.6
159.1 192.9 371.4 345.7 402.8 501.1 264.4 245.0 245.0
330.4 269.8 560.5 467.7 425.0 696.3 281.4 254.4 260.0
679.1 444.5 637.0 700.7 526.3 788.0 315.6 198.0 221.9
461.9 354.7 611.2 594.3 600.4 767.5 316.0 287.0 340.4
331.1 259.5 492.3 478.0 300.1 576.0 175.4 110.1 151.2
329.2 347.9 710.3 372.9 621.7 622.6 664.2 379.0 342.5
214.4 311.1 332.2 431.1 318.7 329.9 186.8 333.4 304.0
262.5 330.4 368.1 611.5 618.1 362.4 304.5 315.7 296.7
102.6 288.1 617.7 481.8 518.4 626.3 410.7 440.1 423.9
201.0 222.7 175.0 337.8 265.9 358.1 203.8 150.6 149.8
78.9 128.6 227.4 208.7 280.6 350.9 243.1 159.6 122.7
15.6 21.1 92.1 88.8 90.5 171.8 78.4 104.9 69.7
166.3 327.4 494.6 212.2 438.5 411.6 321.1 199.3 178.8
318.0 242.0 492.1 386.9 297.4 648.4 213.2 117.8 106.3
322.0 409.1 447.7 599.7 388.5 643.3 223.9 182.6 229.1
562.3 578.5 822.4 506.1 418.2 743.2 303.3 179.6 128.0
392.3 412.2 587.7 330.9 349.0 785.1 453.1 245.6 212.6
444.4 579.5 770.5 481.2 484.7 687.8 295.0 140.7 148.3
341.8 332.3 245.6 640.6 284.5 440.8 230.7 311.9 305.7
341.2 638.0 497.8 1038.8 469.3 458.2 223.5 227.4 267.4
197.2 305.2 178.5 399.2 244.5 392.6 156.9 158.4 182.6
83.7 135.2 270.5 223.4 272.5 351.3 182.8 169.9 205.1
36.7 41.8 216.2 72.3 150.7 338.0 144.7 153.2 110.6
87.5 137.7 153.4 243.1 303.1 320.6 208.4 181.0 160.8
131.8 170.3 333.4 257.6 323.8 454.5 267.7 186.8 161.5
458.8 596.9 515.8 675.4 338.3 659.4 204.4 177.4 225.9
396.3 425.6 571.4 541.1 562.1 764.4 322.2 279.1 319.8
283.4 233.3 599.6 424.5 414.8 853.2 178.4 76.3 66.0
468.8 305.1 641.8 169.6 364.8 666.4 275.5 80.8 65.9
328.8 238.5 666.4 414.4 493.6 662.4 291.4 193.8 173.4
278.6 378.6 483.3 534.2 491.4 502.9 269.0 263.6 249.5
109.5 115.8 494.7 439.0 553.1 556.7 328.8 323.1 331.0
244.3 460.8 333.3 773.2 389.2 422.1 334.8 374.3 428.1
23.7 57.2 29.5 155.0 74.2 171.4 73.2 73.9 86.1
129.7 181.4 255.6 250.2 394.1 394.3 350.6 432.3 378.4
43.3 57.4 95.4 154.6 160.3 199.6 96.0 21.9 0.0
266.4 403.8 519.6 550.1 637.8 650.2 478.3 363.1 405.3
348.4 383.4 518.5 482.1 511.1 708.8 326.0 230.7 248.1
457.1 433.5 494.3 631.9 395.5 744.3 274.5 240.7 309.5
570.7 530.6 576.3 607.8 383.9 695.2 373.2 350.7 436.1
356.7 429.8 504.3 432.7 321.6 718.5 163.3 124.8 185.6
321.0 191.1 621.7 332.8 354.3 701.3 277.0 263.4 226.1
235.5 192.8 584.8 547.0 464.6 531.8 351.8 331.7 263.0
207.8 235.3 525.3 668.2 677.1 633.5 439.0 414.1 470.3
76.3 137.0 88.1 290.1 14.7 257.9 78.5 52.1 66.7
134.0 150.4 179.1 255.9 279.2 375.5 231.7 166.1 165.1
27.0 51.9 77.5 87.9 67.2 178.9 125.6 161.3 118.9
65.7 52.3 140.5 177.6 270.4 358.7 203.0 208.1 174.3
338.9 609.0 568.2 668.5 512.2 494.0 473.5 324.2 352.7
392.4 280.6 496.4 385.6 363.3 678.1 364.7 295.2 333.4
526.1 771.2 526.6 893.9 599.4 630.1 424.4 377.7 449.4
476.6 441.7 712.4 606.9 593.4 596.5 488.8 456.4 425.7
369.6 520.5 565.8 511.6 374.1 758.5 190.2 57.5 103.0
370.6 227.1 464.6 317.2 316.5 683.7 235.9 175.4 125.6
259.1 393.8 752.7 768.4 743.0 552.3 451.0 360.0 381.9
248.1 358.4 182.5 615.0 358.2 463.8 218.3 244.5 253.9
102.7 160.7 111.3 319.6 126.5 300.0 87.7 93.5 104.8
92.6 81.4 119.0 198.8 145.8 212.9 104.9 106.0 115.2
23.4 78.5 151.9 114.6 172.7 211.0 118.0 183.3 154.4
77.6 119.5 235.7 256.6 298.7 327.6 309.5 341.8 332.5
131.3 150.7 456.1 356.8 457.8 475.8 403.6 275.5 282.5
320.3 306.5 453.7 379.7 262.2 613.7 186.2 198.5 169.1
524.9 491.1 702.2 735.9 503.5 685.0 333.4 266.5 349.3
497.8 386.9 384.6 470.7 364.5 713.2 337.0 170.8 226.2
495.1 291.1 568.8 348.9 372.4 804.8 274.8 93.6 123.7
550.7 482.0 538.5 507.1 393.8 784.3 237.4 274.1 309.4
211.7 234.4 223.2 462.9 287.9 490.2 107.9 170.7 171.9
425.5 394.8 503.3 718.2 485.5 407.8 353.1 368.2 419.4
132.6 231.9 347.7 463.7 345.9 617.8 319.5 187.5 198.0
16.2 34.3 173.7 188.6 168.0 172.1 108.5 36.9 30.8
57.8 109.1 421.0 251.6 315.9 511.7 335.8 327.2 260.7
43.8 69.0 91.4 161.1 140.8 260.4 121.0 62.5 37.9
298.4 337.1 498.1 461.5 512.2 625.5 370.4 123.8 139.5
430.0 328.9 560.8 437.4 357.2 607.0 338.3 224.9 221.6
530.8 549.3 464.8 730.3 557.2 692.8 284.6 246.9 341.3
421.4 377.1 610.7 533.3 490.3 628.5 284.7 114.6 150.1
353.5 336.7 732.2 438.1 450.5 764.6 252.4 220.2 255.7
494.0 253.0 478.8 324.4 229.8 558.8 217.9 143.9 101.8
216.8 281.2 300.3 522.6 309.8 370.1 185.1 258.7 258.7
123.6 283.1 325.2 620.1 457.8 662.2 469.0 376.9 376.1
134.9 162.9 313.4 352.5 210.7 311.4 84.7 45.7 65.3
71.6 91.4 147.6 205.3 169.7 246.0 82.2 47.9 63.4
41.8 59.3 150.6 106.5 139.7 213.1 68.4 109.0 76.0
71.3 104.2 139.2 177.6 194.6 267.2 109.6 106.6 109.4
171.5 199.1 352.3 397.8 453.3 553.5 436.7 336.7 355.4
267.0 270.9 352.3 459.8 441.3 638.3 509.5 423.3 407.1
445.0 520.8 456.5 903.8 699.1 846.6 954.7 781.0 820.1
443.5 403.5 548.4 504.9 390.7 654.9 232.5 152.2 185.5
365.1 272.4 428.2 341.1 307.2 588.1 310.1 226.8 250.6
354.0 282.3 516.9 409.0 399.3 594.0 332.2 282.9 281.3
290.1 245.7 333.2 540.2 415.6 456.8 337.1 273.3 263.7
234.2 332.0 365.7 764.2 613.2 586.2 646.6 555.7 575.5
127.9 158.8 312.7 352.5 216.7 319.5 101.8 59.5 76.5
85.8 114.8 153.2 257.8 220.8 297.1 200.7 160.2 173.6
71.1 105.9 214.4 155.1 197.5 270.9 114.9 144.5 101.4
125.9 139.4 174.2 193.2 205.1 279.6 127.0 124.0 126.8
106.5 114.4 291.7 265.8 319.5 417.7 186.6 111.8 144.2
463.3 381.2 473.9 458.4 415.6 611.1 260.0 226.5 229.7
478.5 483.7 548.2 658.1 469.8 618.5 255.9 139.9 184.3
575.4 535.1 735.5 583.6 482.6 746.9 178.6 119.8 155.1
347.7 272.3 469.2 298.5 275.9 557.0 169.9 83.4 104.3
526.7 435.1 746.1 467.3 462.9 661.6 224.0 174.9 167.8
246.0 262.7 408.7 575.6 476.8 517.1 354.0 288.0 273.5
192.4 237.0 363.5 515.8 374.2 348.9 54.0 3.1 26.0
178.4 231.4 350.8 486.0 348.5 451.5 375.3 317.1 333.6
76.9 94.5 150.5 201.4 161.5 237.0 54.4 25.5 44.7
51.5 72.1 155.4 131.8 163.5 236.7 120.9 158.7 126.8
39.4 74.8 114.0 143.1 159.1 230.6 52.9 55.5 60.6
401.4 364.7 516.0 494.2 539.3 639.6 415.8 338.3 359.5
384.4 366.3 497.8 481.5 464.7 660.5 334.4 288.7 286.4
577.7 586.9 694.1 729.2 550.9 697.4 220.4 134.7 189.7
420.5 363.4 498.6 459.1 338.9 602.8 182.8 106.9 148.3
336.8 311.4 541.2 352.2 338.2 616.7 187.5 108.3 138.5
443.6 328.0 532.4 407.8 370.0 565.3 233.0 195.7 195.3
531.0 455.9 581.1 686.7 568.5 610.5 347.7 296.3 283.3
211.4 290.4 349.9 676.4 532.3 507.7 472.5 387.1 402.6
132.9 150.7 283.3 341.4 187.6 288.3 103.5 59.4 84.5
83.3 107.2 151.8 237.7 198.6 274.3 150.4 116.1 133.8
48.3 70.8 157.5 127.8 160.9 234.1 109.4 148.6 116.0
95.9 137.3 200.8 194.7 220.3 291.8 71.7 85.2 91.7
126.0 151.1 345.8 305.9 376.0 475.0 227.4 139.6 159.5
380.4 348.9 462.3 465.3 440.5 636.1 330.7 282.2 280.4
339.0 392.3 383.6 697.8 513.3 666.7 624.3 447.9 471.2
339.2 297.4 379.8 462.1 339.1 605.9 375.2 269.2 293.2
334.5 319.8 577.8 366.6 376.0 657.1 245.8 154.1 170.2
333.1 259.4 475.4 390.5 374.9 572.1 341.9 273.6 258.6
486.9 488.7 636.6 789.8 683.5 723.7 554.3 493.4 486.1
194.2 262.2 343.8 613.9 471.2 445.5 325.4 255.0 275.1
125.6 153.6 310.9 339.5 201.0 301.6 62.1 28.4 50.3
78.1 100.3 154.6 217.5 182.3 258.8 104.4 69.1 83.3
65.9 103.2 175.7 194.2 231.4 306.4 262.8 288.4 249.2
46.1 80.0 108.4 159.3 172.0 243.7 94.7 96.6 103.1
137.3 128.3 244.5 318.7 356.7 458.2 365.7 268.1 289.5
392.6 384.5 517.4 510.9 494.2 690.0 375.9 331.2 332.9
503.2 537.9 612.3 739.4 560.7 709.8 377.5 259.9 305.7
417.2 379.1 543.3 467.5 359.8 623.3 159.6 89.3 125.8
371.1 334.9 584.2 353.5 350.5 630.1 162.8 83.9 105.6
623.9 536.2 760.9 623.7 575.4 743.4 412.2 374.7 382.0
282.5 290.1 454.5 571.6 472.4 511.2 273.4 214.2 205.1
285.6 377.3 429.9 784.0 640.3 616.7 624.8 536.9 551.7
135.8 171.1 315.5 377.1 236.3 337.2 143.8 103.6 124.8
105.5 144.2 212.7 265.8 235.8 311.4 140.0 100.0 112.6
48.8 70.8 154.1 132.2 165.6 239.2 128.4 165.5 131.3
107.7 169.1 219.7 260.2 287.6 359.6 210.0 204.2 204.0
208.7 205.8 396.7 329.2 379.8 477.7 175.7 110.8 143.9
409.3 360.7 503.6 433.3 411.5 607.1 199.5 166.2 168.7
356.8 373.9 382.3 616.5 416.1 564.8 363.8 234.1 279.9
492.0 439.9 585.3 522.8 395.5 656.7 180.6 122.2 172.5
436.2 347.5 531.4 373.8 347.4 629.2 259.7 175.5 195.4
232.2 228.2 482.1 392.5 382.3 574.0 304.5 260.5 269.9
208.2 227.3 370.8 547.1 451.5 492.6 352.5 280.4 265.0
252.8 349.1 396.1 771.1 632.7 609.9 659.5 556.8 565.4
